. AD CONSTANT. DE· como.

7111111111 11111681, 10.

71Ξοἒῶ 1111111111 qood 9111225,

11100111101111011111 11 11111111 SS.
Apostolorum 11111.

τάχιον comparativus 111010 00-
111110111 01011011111110 173,

11171111 111111 geom 221, 36.

101161110011011116101 1111111111·
11111 11111111 613, 11.

τείχη. 010μέ011101 1011110111 [leg.
11601111. top] 3611100111.

τέκνον10110111111011111110111868, 1.

’1111011111 unde (11111111 237,18.
ubi 11111111 111 significatione.

Τ1011111111111, 111 quom 31111111
111111 111576, 16.

10111111 01011101111110 vid. 11111
111011λαὺ1101.

Τ11111111110 111 111 010 1323, 20.
et 1111 1111132611110. 111 111
0Ξο 1210 1111111110, 11ι fladonum

‚ . 111 mov 11 mor
pro γόνυ 266, 347 inrue 010
ους 11111. 0111. 366, 2. 111 ες

033

τζάγγια nomo 432, 12.
11111111 798, 3.
178110001011110111 teme 1110111111

. 1111011010 1110111111 666, 11.

1110011111 1. q. 1171011111 397, 16
8

ruffino 111111 0111111111 796, 15.
1111ζ3111103 ignotum vestimentum
11, .
donor-vid. 10010060601011.
331111. 1133315933 ’11
11011161111111 373, 36.
111111 11 1111111110 434, 13.
τόμος schedium 296 111110.
10110110111111111111 168, 7.
torneamenta, Tarnim, 1111110111
1111133, 24.
Το111111011111 famili· 657, 16. ’
1011311 446, 10. 111. 849, 3. ·
1061 vox 00111111 365, 5.
Τουλμάτζοι 1111111011 682, 31.
1010111111 692, 26.
76υο1111611 10171001 516 111110.
70601101 1111101111 781, 16. 819,

010 01217, 7. 11010 11111111. 26

111. 111. 11110. 1116111011 010
0278,18.364,7. 11111010
coc 110111, q 0101011 genitivi 111.
69914. 111 1110111111, 11161001-
111, 1610 11111111110011001111,
110110 1111111 635, 34. 11101011
010 uus 192, 20111 11 568, 38.
111 0111010 01111 116111111379,5.
in οσαν 10 01,111600111’ 010
1600111 ,37.11111101011321,41.
11 ους 01001 1111111110 011111.
111101011101061101. 11 nior,
1060111111110 01 332, 27. iu

y 110111011111100111611011101. 111
011 010011, 11 1111110111 010
1111011239, 13. 1111111112
61η171111ᾱοἰ110 177317θ611171363ἀί111
1111 010 1001604 111110. 11 010

Pf⁰ 01 ot 1111 11111 338, 12.
377 pen.

11011κὴ0101 111110111111 4630111.
01101γό1101 11. 11110κό00101 823,
1110110011 1. 1110111111 orationis

01111 300, 34.
1110110111 796 011.

106010 vid. 111101.

1011111111 010 61711101 710, 23,
1011111111 τῆς γεφύρας medium
0011111 226, 38.

ὁ 1111ιῆ1 101111ζ1111011111111111-
111 171,19.

τράχηλον maor 1111 norw.

tomo 10111 1101111016111110111

11110111 accipiebat 111101 1111111-
111 1111 1111101,1111111101326,41.
111 10111017 011110111330, 44.

1010111101 1. 1016211111 111011-
0111 11111111 186,15. 1111 11·
0116116011173, 32.

τριῧολλιιῄςυὴί fuerint 780, 33.

1111111111 omne 1131611111111111
83, 32.

1071100χονί61111 aedificium atque
Σῖγμα 711, 7.

triclinium pro 1111111110 24, 22. ’

10101111 111 1111111111 539, 26.

101111101,,711“0“ 152, 19. 011110
11110. 296,17.

S. Trinitatis 1611110101 8. 9· Ι

1011 ternarios 1111111111 1110111111

 

